[MS Spectrum]
# of Peaks	429
Raw Spectrum	11.097 (scan : 2430)
Background	No Background Spectrum
Base Peak	m/z 74.05 (Inten : 827,189)
Event#	1
m/z	Absolute Intensity	Relative Intensity
29.05	61784	7.47
30.05	5638	0.68
31.05	18125	2.19
32.10	1246	0.15
33.05	2492	0.30
34.05	1549	0.19
35.00	663	0.08
36.00	44	0.01
37.00	1745	0.21
38.05	7071	0.85
39.00	103447	12.51
40.05	20735	2.51
41.05	248349	30.02
42.05	79058	9.56
43.00	166273	20.10
44.05	9840	1.19
45.00	22943	2.77
46.00	546	0.07
47.15	347	0.04
48.05	8175	0.99
49.00	2594	0.31
50.00	2490	0.30
51.00	5182	0.63
52.05	2492	0.30
53.05	22808	2.76
54.05	12132	1.47
55.05	141993	17.17
56.05	8742	1.06
57.05	7119	0.86
58.05	3301	0.40
59.00	164194	19.85
60.05	5166	0.62
61.00	1665	0.20
62.00	727	0.09
63.00	1234	0.15
64.00	314	0.04
65.05	4105	0.50
66.05	1837	0.22
67.05	21959	2.65
68.15	16317	1.97
69.10	312066	37.73
70.05	19281	2.33
71.05	4790	0.58
72.15	1037	0.13
73.15	17861	2.16
74.05	827189	100.00
75.05	37570	4.54
76.05	4389	0.53
77.00	462	0.06
78.00	122	0.01
79.00	2225	0.27
79.95	1497	0.18
81.00	3455	0.42
81.95	1614	0.20
83.05	2713	0.33
84.15	398	0.05
85.05	9409	1.14
86.15	2817	0.34
87.05	196875	23.80
88.05	9688	1.17
89.05	1081	0.13
90.00	68	0.01
91.00	127	0.02
91.90	258	0.03
92.95	6182	0.75
93.95	631	0.08
94.95	7523	0.91
96.15	2870	0.35
97.05	145050	17.54
98.05	9596	1.16
99.10	1180	0.14
100.15	1362	0.16
101.05	51750	6.26
102.05	3137	0.38
103.10	327	0.04
103.90	66	0.01
104.90	742	0.09
105.95	1559	0.19
106.95	17127	2.07
107.95	1825	0.22
108.90	15902	1.92
109.90	404	0.05
110.90	332	0.04
111.90	54	0.01
113.05	1905	0.23
114.00	148	0.02
115.05	771	0.09
116.10	103	0.01
117.10	132	0.02
117.90	55	0.01
118.90	1050	0.13
119.95	463	0.06
120.95	2270	0.27
122.00	516	0.06
122.95	1267	0.15
124.00	100	0.01
125.00	92	0.01
126.00	27	0.00
127.10	654	0.08
128.15	1186	0.14
129.10	87887	10.62
130.10	6777	0.82
131.05	627	0.08
131.95	734	0.09
133.00	490	0.06
133.95	968	0.12
135.00	1086	0.13
135.95	369	0.04
136.95	682	0.08
137.90	46	0.01
138.90	95	0.01
140.90	79	0.01
141.90	11	0.00
142.90	19	0.00
143.90	14	0.00
144.90	22	0.00
145.90	36	0.00
147.05	341	0.04
147.95	5811	0.70
149.00	9153	1.11
149.95	6209	0.75
151.00	8142	0.98
152.00	522	0.06
153.00	127	0.02
154.00	84	0.01
155.00	81	0.01
157.00	10	0.00
158.00	19	0.00
159.00	10	0.00
160.00	8	0.00
161.00	29	0.00
162.00	22	0.00
163.00	19	0.00
163.90	8	0.00
164.95	840	0.10
165.90	49	0.01
166.95	812	0.10
167.90	31	0.00
168.90	10	0.00
169.90	22	0.00
170.90	29	0.00
171.90	21	0.00
172.90	5	0.00
173.90	8	0.00
174.90	126	0.02
176.05	1895	0.23
176.95	56228	6.80
178.00	5353	0.65
178.95	55842	6.75
179.95	3629	0.44
180.90	209	0.03
181.90	49	0.01
182.90	50	0.01
183.90	33	0.00
185.90	24	0.00
186.90	29	0.00
187.90	2	0.00
188.90	31	0.00
189.90	29	0.00
190.90	41	0.00
191.90	10	0.00
192.90	54	0.01
193.90	38	0.00
194.90	60	0.01
195.90	27	0.00
196.90	24	0.00
197.90	19	0.00
198.90	16	0.00
199.90	18	0.00
200.90	27	0.00
201.90	39	0.00
202.90	31	0.00
203.90	3	0.00
204.90	34	0.00
205.90	57	0.01
206.90	114	0.01
207.95	506	0.06
208.95	5726	0.69
209.95	890	0.11
210.95	5241	0.63
212.00	454	0.05
213.00	58	0.01
214.00	42	0.01
215.00	8	0.00
216.00	38	0.00
217.00	5	0.00
218.00	42	0.01
219.00	39	0.00
220.00	2	0.00
221.00	5	0.00
222.00	6	0.00
223.00	62	0.01
224.00	5	0.00
225.00	36	0.00
226.00	21	0.00
227.00	36	0.00
228.00	30	0.00
229.00	21	0.00
231.00	29	0.00
232.00	27	0.00
233.00	47	0.01
234.00	6	0.00
235.00	13	0.00
236.00	21	0.00
238.00	16	0.00
239.00	34	0.00
241.00	30	0.00
242.00	49	0.01
243.00	26	0.00
244.00	33	0.00
245.00	18	0.00
246.00	41	0.00
247.00	18	0.00
249.00	31	0.00
250.00	22	0.00
251.00	3	0.00
252.00	21	0.00
253.00	10	0.00
254.00	30	0.00
255.00	38	0.00
256.00	34	0.00
257.00	21	0.00
258.00	19	0.00
259.00	6	0.00
260.00	46	0.01
261.00	41	0.00
262.00	50	0.01
263.00	14	0.00
264.00	6	0.00
265.00	31	0.00
266.00	26	0.00
267.00	11	0.00
268.00	10	0.00
269.00	19	0.00
270.00	29	0.00
271.00	29	0.00
272.00	13	0.00
273.00	8	0.00
274.00	11	0.00
275.00	19	0.00
276.00	18	0.00
277.00	10	0.00
278.00	26	0.00
279.00	22	0.00
280.00	38	0.00
281.00	36	0.00
284.00	5	0.00
285.00	27	0.00
286.00	6	0.00
287.00	29	0.00
288.00	24	0.00
289.00	11	0.00
290.00	27	0.00
292.00	3	0.00
293.00	10	0.00
294.00	13	0.00
295.00	38	0.00
297.00	33	0.00
298.00	31	0.00
299.00	8	0.00
300.00	18	0.00
301.00	10	0.00
303.00	5	0.00
304.00	22	0.00
305.00	5	0.00
306.00	8	0.00
308.00	34	0.00
309.00	19	0.00
310.00	22	0.00
311.00	21	0.00
312.00	30	0.00
313.00	41	0.00
314.00	2	0.00
315.00	14	0.00
316.00	41	0.00
317.00	18	0.00
318.00	24	0.00
319.00	14	0.00
320.00	5	0.00
321.00	8	0.00
322.00	27	0.00
323.00	49	0.01
324.00	29	0.00
325.00	26	0.00
326.00	31	0.00
327.00	21	0.00
328.00	34	0.00
329.00	16	0.00
330.00	30	0.00
331.00	18	0.00
332.00	34	0.00
333.00	24	0.00
334.00	30	0.00
335.00	31	0.00
336.00	18	0.00
337.00	24	0.00
339.00	3	0.00
340.00	10	0.00
341.00	18	0.00
343.00	26	0.00
344.00	6	0.00
345.00	26	0.00
346.00	26	0.00
347.00	39	0.00
348.00	24	0.00
349.00	21	0.00
350.00	26	0.00
351.00	13	0.00
352.00	3	0.00
353.00	21	0.00
354.00	33	0.00
355.00	5	0.00
356.00	21	0.00
357.00	11	0.00
358.00	19	0.00
359.00	14	0.00
361.00	31	0.00
362.00	3	0.00
363.00	31	0.00
364.00	19	0.00
365.00	31	0.00
366.00	10	0.00
367.00	8	0.00
368.00	3	0.00
369.00	24	0.00
371.00	19	0.00
374.00	19	0.00
376.00	57	0.01
377.00	24	0.00
378.00	29	0.00
379.00	14	0.00
380.00	6	0.00
381.00	36	0.00
382.00	21	0.00
383.00	46	0.01
384.00	41	0.00
385.00	14	0.00
386.00	31	0.00
387.00	27	0.00
389.00	21	0.00
390.00	10	0.00
392.00	3	0.00
393.00	2	0.00
394.00	18	0.00
395.00	41	0.00
396.00	27	0.00
397.00	27	0.00
398.00	16	0.00
399.00	11	0.00
400.00	36	0.00
401.00	14	0.00
402.00	38	0.00
403.00	46	0.01
404.00	21	0.00
405.00	34	0.00
408.00	16	0.00
410.00	27	0.00
411.00	36	0.00
412.00	38	0.00
413.00	21	0.00
414.00	29	0.00
415.00	13	0.00
416.00	30	0.00
417.00	30	0.00
419.00	3	0.00
420.00	24	0.00
421.00	19	0.00
422.00	26	0.00
423.00	8	0.00
424.00	19	0.00
425.00	19	0.00
427.00	16	0.00
428.00	18	0.00
429.00	33	0.00
430.00	14	0.00
431.00	49	0.01
432.00	10	0.00
433.00	14	0.00
434.00	18	0.00
435.00	14	0.00
438.00	8	0.00
439.00	8	0.00
442.00	19	0.00
443.00	8	0.00
444.00	24	0.00
445.00	22	0.00
446.00	6	0.00
447.00	22	0.00
448.00	13	0.00
449.00	24	0.00
451.00	27	0.00
452.00	11	0.00
454.00	18	0.00
457.00	13	0.00
458.00	38	0.00
459.00	18	0.00
460.00	11	0.00
461.00	26	0.00
462.00	33	0.00
463.00	38	0.00
464.00	26	0.00
465.00	16	0.00
466.00	8	0.00
467.00	2	0.00
468.00	14	0.00
469.00	13	0.00
470.00	11	0.00
471.00	22	0.00
472.00	3	0.00
473.00	5	0.00
475.00	11	0.00
476.00	46	0.01
477.00	2	0.00
478.00	13	0.00
479.00	21	0.00
481.00	38	0.00
482.00	13	0.00
483.00	24	0.00
484.00	6	0.00
485.00	3	0.00
487.00	50	0.01
490.00	14	0.00
491.00	11	0.00
492.00	16	0.00
494.00	5	0.00
497.00	31	0.00
498.00	22	0.00
499.00	10	0.00
500.00	3	0.00
